
genetic_i =

     1


rsll =

  -23.5850


genetic_i =

     2


rsll =

  -24.1058


genetic_i =

     3


rsll =

  -24.2597


genetic_i =

     4


rsll =

  -24.2597


genetic_i =

     5


rsll =

  -24.2597


genetic_i =

     6


rsll =

  -24.2597


genetic_i =

     7


rsll =

  -24.5418


genetic_i =

     8


rsll =

  -24.7404


genetic_i =

     9


rsll =

  -25.0317


genetic_i =

    10


rsll =

  -25.0317


genetic_i =

    11


rsll =

  -25.0703


genetic_i =

    12


rsll =

  -25.0703


genetic_i =

    13


rsll =

  -25.0703


genetic_i =

    14


rsll =

  -25.4439


genetic_i =

    15


rsll =

  -25.4439


genetic_i =

    16


rsll =

  -25.4439


genetic_i =

    17


rsll =

  -25.4439


genetic_i =

    18


rsll =

  -25.4439


genetic_i =

    19


rsll =

  -25.4439


genetic_i =

    20


rsll =

  -25.4439


genetic_i =

    21


rsll =

  -25.4439


genetic_i =

    22


rsll =

  -25.4439


genetic_i =

    23


rsll =

  -25.4439


genetic_i =

    24


rsll =

  -25.4439


genetic_i =

    25


rsll =

  -25.4439


genetic_i =

    26


rsll =

  -25.4439


genetic_i =

    27


rsll =

  -25.4439


genetic_i =

    28


rsll =

  -25.4439


genetic_i =

    29


rsll =

  -25.4439


genetic_i =

    30


rsll =

  -25.4439


genetic_i =

    31


rsll =

  -25.6385


genetic_i =

    32


rsll =

  -25.6385


genetic_i =

    33


rsll =

  -25.6385


genetic_i =

    34


rsll =

  -25.6385


genetic_i =

    35


rsll =

  -25.6385


genetic_i =

    36


rsll =

  -25.6385


genetic_i =

    37


rsll =

  -25.6385


genetic_i =

    38


rsll =

  -25.6385


genetic_i =

    39


rsll =

  -25.6385


genetic_i =

    40


rsll =

  -25.6394


genetic_i =

    41


rsll =

  -25.6394


genetic_i =

    42


rsll =

  -25.6394


genetic_i =

    43


rsll =

  -25.6394


genetic_i =

    44


rsll =

  -25.6394


genetic_i =

    45


rsll =

  -25.6394


genetic_i =

    46


rsll =

  -25.6394


genetic_i =

    47


rsll =

  -25.6394


genetic_i =

    48


rsll =

  -25.6394


genetic_i =

    49


rsll =

  -25.6394


genetic_i =

    50


rsll =

  -25.6394


genetic_i =

    51


rsll =

  -25.6394


genetic_i =

    52


rsll =

  -25.6394


genetic_i =

    53


rsll =

  -25.6394


genetic_i =

    54


rsll =

  -25.6394


genetic_i =

    55


rsll =

  -25.6394


genetic_i =

    56


rsll =

  -25.6394


genetic_i =

    57


rsll =

  -25.6394


genetic_i =

    58


rsll =

  -25.6394


genetic_i =

    59


rsll =

  -25.6394


genetic_i =

    60


rsll =

  -25.6394


genetic_i =

    61


rsll =

  -25.6394


genetic_i =

    62


rsll =

  -25.6394


genetic_i =

    63


rsll =

  -25.6394


genetic_i =

    64


rsll =

  -25.6394


genetic_i =

    65


rsll =

  -25.6394


genetic_i =

    66


rsll =

  -25.6394


genetic_i =

    67


rsll =

  -25.6394


genetic_i =

    68


rsll =

  -25.6394


genetic_i =

    69


rsll =

  -25.6394


genetic_i =

    70


rsll =

  -25.6394


genetic_i =

    71


rsll =

  -25.6394


genetic_i =

    72


rsll =

  -25.6394


genetic_i =

    73


rsll =

  -25.6394


genetic_i =

    74


rsll =

  -25.6394


genetic_i =

    75


rsll =

  -25.6394


genetic_i =

    76


rsll =

  -25.6394


genetic_i =

    77


rsll =

  -25.6394


genetic_i =

    78


rsll =

  -25.6394


genetic_i =

    79


rsll =

  -25.6394


genetic_i =

    80


rsll =

  -25.6394


genetic_i =

    81


rsll =

  -25.6394


genetic_i =

    82


rsll =

  -25.6394


genetic_i =

    83


rsll =

  -25.6394


genetic_i =

    84


rsll =

  -25.6394


genetic_i =

    85


rsll =

  -25.6394


genetic_i =

    86


rsll =

  -25.6394


genetic_i =

    87


rsll =

  -25.6394


genetic_i =

    88


rsll =

  -25.6394


genetic_i =

    89


rsll =

  -25.6394


genetic_i =

    90


rsll =

  -25.6394


genetic_i =

    91


rsll =

  -25.6394


genetic_i =

    92


rsll =

  -25.6394


genetic_i =

    93


rsll =

  -25.6394


genetic_i =

    94


rsll =

  -25.6394


genetic_i =

    95


rsll =

  -25.6394


genetic_i =

    96


rsll =

  -25.6394


genetic_i =

    97


rsll =

  -25.6394


genetic_i =

    98


rsll =

  -25.6394


genetic_i =

    99


rsll =

  -25.6394


genetic_i =

   100


rsll =

  -25.6394


genetic_i =

   101


rsll =

  -25.6394


genetic_i =

   102


rsll =

  -25.6394


genetic_i =

   103


rsll =

  -25.6394


genetic_i =

   104


rsll =

  -25.6394


genetic_i =

   105


rsll =

  -25.6394


genetic_i =

   106


rsll =

  -25.6394


genetic_i =

   107


rsll =

  -25.6394


genetic_i =

   108


rsll =

  -25.6394


genetic_i =

   109


rsll =

  -25.6394


genetic_i =

   110


rsll =

  -25.6394


genetic_i =

   111


rsll =

  -25.6394


genetic_i =

   112


rsll =

  -25.6394


genetic_i =

   113


rsll =

  -25.6394


genetic_i =

   114


rsll =

  -25.6394


genetic_i =

   115


rsll =

  -25.6394


genetic_i =

   116


rsll =

  -25.6394


genetic_i =

   117


rsll =

  -25.6394


genetic_i =

   118


rsll =

  -25.6394


genetic_i =

   119


rsll =

  -25.6394


genetic_i =

   120


rsll =

  -25.6394


genetic_i =

   121


rsll =

  -25.6394


genetic_i =

   122


rsll =

  -25.6394


genetic_i =

   123


rsll =

  -25.6394


genetic_i =

   124


rsll =

  -25.6394


genetic_i =

   125


rsll =

  -25.6394


genetic_i =

   126


rsll =

  -25.6394


genetic_i =

   127


rsll =

  -25.6394


genetic_i =

   128


rsll =

  -25.6394


genetic_i =

   129


rsll =

  -25.6394


genetic_i =

   130


rsll =

  -25.6394


genetic_i =

   131


rsll =

  -25.6394


genetic_i =

   132


rsll =

  -25.6394


genetic_i =

   133


rsll =

  -25.6394


genetic_i =

   134


rsll =

  -25.6394


genetic_i =

   135


rsll =

  -25.6394


genetic_i =

   136


rsll =

  -25.6394


genetic_i =

   137


rsll =

  -25.6394


genetic_i =

   138


rsll =

  -25.6394


genetic_i =

   139


rsll =

  -25.6394


genetic_i =

   140


rsll =

  -25.6394


genetic_i =

   141


rsll =

  -25.6394


genetic_i =

   142


rsll =

  -25.6394


genetic_i =

   143


rsll =

  -25.6394


genetic_i =

   144


rsll =

  -25.6394


genetic_i =

   145


rsll =

  -25.6394


genetic_i =

   146


rsll =

  -25.6394


genetic_i =

   147


rsll =

  -25.6394


genetic_i =

   148


rsll =

  -25.6394


genetic_i =

   149


rsll =

  -25.6394


genetic_i =

   150


rsll =

  -25.6394


genetic_i =

   151


rsll =

  -25.6394


genetic_i =

   152


rsll =

  -25.6394


genetic_i =

   153


rsll =

  -25.6394


genetic_i =

   154


rsll =

  -25.6394


genetic_i =

   155


rsll =

  -25.6394


genetic_i =

   156


rsll =

  -25.6456


genetic_i =

   157


rsll =

  -25.6456


genetic_i =

   158


rsll =

  -25.6456


genetic_i =

   159


rsll =

  -25.6456


genetic_i =

   160


rsll =

  -25.6456


genetic_i =

   161


rsll =

  -25.6456


genetic_i =

   162


rsll =

  -25.6456


genetic_i =

   163


rsll =

  -25.6456


genetic_i =

   164


rsll =

  -25.6456


genetic_i =

   165


rsll =

  -25.6456


genetic_i =

   166


rsll =

  -25.6456


genetic_i =

   167


rsll =

  -25.6456


genetic_i =

   168


rsll =

  -25.6456


genetic_i =

   169


rsll =

  -25.6456


genetic_i =

   170


rsll =

  -25.6456


genetic_i =

   171


rsll =

  -25.6456


genetic_i =

   172


rsll =

  -25.6456


genetic_i =

   173


rsll =

  -25.6456


genetic_i =

   174


rsll =

  -25.6456


genetic_i =

   175


rsll =

  -25.6456


genetic_i =

   176


rsll =

  -25.6456


genetic_i =

   177


rsll =

  -25.6456


genetic_i =

   178


rsll =

  -25.6456


genetic_i =

   179


rsll =

  -25.6456


genetic_i =

   180


rsll =

  -25.6456


genetic_i =

   181


rsll =

  -25.6456


genetic_i =

   182


rsll =

  -25.6456


genetic_i =

   183


rsll =

  -25.6456


genetic_i =

   184


rsll =

  -25.6456


genetic_i =

   185


rsll =

  -25.6456


genetic_i =

   186


rsll =

  -25.6456


